Suddi 630.6 Ion Monarch 145 139 1111011111 EU1 16 15 463 31 18 13 493 35 12 16 464 30 13 12 371 37 11 8 250 32 11 7 302 41 8 6 185 34 22 22 20 17 12 13 8 114 2528 41 12 17 6 16 9 8 6 74 2 2 2 3 2 1 2 3
Zery 612.6 Ronin Ion 131 102 110000010 EU2 25 25 676 29 24 22 677 31 19 21 691 33 23 12 452 29 15 9 280 24 10 6 293 32 8 4 197 33 35 33 29 24 16 13 9 159 3266 33 4 11 3 6 6 5 3 65 2 2 1 3 2 2 1 3
Stn 611.8 Ion Tone 125 124 1010101010 NY1 16 17 548 36 18 16 633 38 17 16 656 40 13 12 428 34 10 13 370 31 7 12 356 38 5 8 227 38 25 26 26 19 16 13 8 133 3218 40 7 5 4 2 6 0 2 64 3 2 1 1 3 2 2 3
Foy 610.5 Monarch Tone 54 29 1001101100 NY2 10 6 312 28 9 9 359 29 13 5 457 38 9 6 307 28 7 0 124 27 2 3 95 22 3 0 74 30 16 18 18 15 7 5 3 82 1728 38 5 7 3 5 5 1 1 50 2 3 2 2 3 1 3 3
Timo 609.5 Northstar Ion 198 188 111110010 EU2 26 25 710 29 33 21 834 35 21 28 804 38 20 19 573 34 13 14 388 38 12 12 452 37 12 10 345 39 32 36 33 27 16 17 13 174 4106 39 5 18 6 6 5 7 2 69 1 3 2 1 2 2 1 3
Becket 608.9 Ion Monarch 140 111 1000001111 EU3 35 13 758 31 19 27 766 33 29 12 787 38 17 20 541 30 12 13 304 23 11 11 352 28 9 9 286 30 36 37 31 27 17 17 12 177 3794 38 7 10 10 14 3 3 3 85 3 2 2 2 1 2 2 3
Nookie 608.2 Ion Tone 101 84 111001001 EU4 19 10 518 42 15 15 646 42 20 14 677 43 10 17 427 29 12 8 320 38 9 10 403 40 7 6 250 36 17 20 21 17 12 13 8 108 3241 43 0 0 1 2 0 1 0 12 1 1 1 1 0 1 1 1
Haboo 607.5 Tone Monarch 70 59 111100000 NY4 11 13 460 36 13 12 498 32 13 11 435 33 9 7 254 26 7 7 226 20 9 1 196 27 2 3 98 29 23 24 23 15 13 10 5 113 2167 36 7 12 7 9 10 9 2 72 2 3 1 2 4 3 2 4
Squishy 607.4 Tone Ion 49 38 1011100001 EU1 1 2 74 30 3 3 147 28 4 1 106 26 2 3 119 29 0 5 111 25 3 0 78 31 1 1 38 19 3 6 5 5 5 3 2 29 673 31 1 1 2 1 0 2 0 8 1 1 1 1 0 1 0 1
Elytic 606.0 Ronin Tone 186 193 11001001 EU2 22 28 687 32 23 29 814 40 28 18 754 36 17 22 541 30 11 15 348 35 14 9 299 30 10 11 222 28 32 34 31 25 15 14 11 162 3665 40 4 13 8 10 8 5 3 72 1 3 2 4 2 2 1 4
Diddy 602.5 Monarch Tone 136 141 1011101101 NY5 21 19 611 30 19 22 589 27 12 27 596 27 17 13 425 27 11 15 310 28 10 14 318 29 12 8 282 39 29 31 29 22 16 16 13 156 3131 39 2 6 3 6 4 4 3 68 1 2 2 5 2 2 1 5
Blak 601.1 Ronin Ion 244 243 1011100111 EU2 23 38 859 29 32 31 1036 34 28 30 961 42 25 21 679 44 22 14 514 28 15 17 609 45 10 13 296 30 43 44 41 32 24 24 13 221 4954 45 12 16 9 17 9 4 7 131 2 3 2 3 3 2 3 3
Grim 598.8 Ronin Ion 53 63 110101110 NY6 6 2 119 29 4 6 140 30 4 2 77 22 2 4 73 21 2 2 36 24 2 2 30 16 3 1 23 23 5 6 4 4 2 2 1 24 498 30 1 0 0 0 1 0 0 12 1 1 3 1 1 0 2 3
M-kon 597.7 Northstar Monarch 32 24 111101001 EU2 8 6 198 27 9 4 221 32 6 8 224 30 2 5 83 20 3 1 32 19 3 2 49 22 2 2 40 21 11 10 11 5 2 3 2 44 847 32 4 2 4 1 0 2 1 24 1 2 2 1 2 2 1 2
Zim 597.6 Northstar Ion 32 40 111011001 NY5 0 0 0 0 0 0 0 0 0 0 0 0 0 1 25 25 0 0 0 0 0 0 0 0 0 0 0 0 0 0 0 1 0 0 0 1 25 25 0 0 0 1 0 0 0 1 0 0 0 1 0 0 0 1
Zto 596.3 Northstar Tone 45 48 100010100 NY1 2 3 42 30 5 4 121 30 3 6 112 29 3 5 88 34 4 3 70 33 2 3 38 21 3 2 52 32 2 5 5 4 3 2 2 23 523 34 0 0 1 0 1 0 0 7 2 1 1 0 1 1 1 2
Bobby 592.6 Ronin Monarch 119 104 100000001 NY4 8 10 131 26 16 12 330 36 14 10 236 31 10 12 222 27 6 9 117 28 5 5 131 34 5 6 135 35 6 13 11 11 6 5 5 57 1302 36 1 4 3 5 4 5 0 32 1 1 1 3 2 3 0 3
Naicrez 589.9 Monarch ? 53 40 111110000 EU2 9 8 337 26 11 6 339 30 7 11 367 33 12 3 306 30 6 5 237 28 4 6 223 31 4 1 104 28 17 17 18 15 11 10 5 93 1913 33 4 8 7 7 11 5 6 48 1 2 2 1 3 2 3 3
Toxic 588.6 Tone - 70 83 1000001111 EU3 16 14 683 34 12 17 707 41 13 15 696 34 11 11 507 33 8 11 418 38 8 8 388 34 2 7 221 30 30 29 28 22 19 16 9 153 3620 41 2 3 6 8 6 1 1 35 1 1 2 1 3 1 1 3
Eppixx 588.5 Ion Northstar 15 10 111000010 EU1 0 2 41 22 0 1 15 15 0 1 14 14 1 0 15 15 0 0 0 0 2 0 43 22 0 1 30 30 2 1 1 1 0 2 1 8 158 30 0 0 0 0 0 1 0 4 0 0 0 3 0 1 0 3
Cylas 588.3 Northstar Tone 35 42 10110011 EU1 5 6 139 26 4 7 151 23 4 6 134 23 3 4 78 24 2 1 16 16 4 2 45 17 1 2 23 23 8 9 7 5 1 3 1 34 586 26 1 2 0 0 0 0 0 16 1 4 0 2 0 1 0 4
Slime 585.8 Northstar Ion 36 40 101101001 NY5 2 4 29 19 3 4 31 16 4 1 20 20 2 4 40 28 3 4 31 18 4 1 39 20 1 4 16 16 2 2 1 2 2 2 1 12 206 28 0 0 0 3 1 0 0 5 0 0 0 3 1 0 0 3
Sora 584.6 Northstar Ion 27 23 1011110110 NY1 3 1 78 20 3 1 81 21 1 3 60 18 1 0 20 20 2 1 44 18 0 2 35 18 1 0 19 19 4 4 4 1 3 2 1 19 337 21 3 0 1 0 1 0 0 8 2 1 1 0 1 0 2 2
Alex 584.2 Monarch Ion 72 77 101010001 EU2 10 8 185 28 10 10 212 28 6 12 159 23 6 7 83 23 5 7 96 24 3 4 84 26 2 3 21 21 11 11 10 6 5 4 1 48 840 28 4 4 2 5 4 0 0 24 1 3 1 4 2 0 0 4
Ronin 583.7 Northstar Monarch 81 82 11011100 EU1 17 20 519 33 21 17 574 29 14 19 453 33 8 15 246 23 7 11 206 27 10 7 254 28 6 5 114 24 27 28 24 16 11 12 6 124 2366 33 0 1 0 1 1 2 0 23 1 2 1 2 1 1 1 2
Mitter 582.3 Ion Monarch 45 43 1111111000 EU2 10 10 358 28 13 6 357 28 10 8 394 32 6 8 243 24 3 4 116 20 2 5 128 24 1 2 56 22 20 19 18 14 7 7 3 88 1652 32 1 11 4 3 3 2 1 27 1 3 1 1 1 1 1 3
Lightman 580.8 All Titans 13 9 11010110 NY1 4 2 97 24 2 2 47 18 1 2 39 20 1 0 20 20 1 0 14 14 0 2 40 24 0 0 0 0 6 4 3 1 1 2 0 17 257 24 3 2 2 2 0 0 0 9 1 1 1 2 0 0 0 2
Titan 577.9 Northstar Ion 18 23 1001010000 NY3 3 7 182 25 3 7 169 27 2 5 130 28 4 0 80 27 2 1 37 15 1 2 71 29 2 1 48 20 10 10 7 4 3 3 3 40 717 29 2 1 0 0 0 0 1 12 1 1 1 0 2 1 1 2
Uphill 577.6 Northstar Monarch 183 179 1101010 EU4 35 34 876 26 34 36 931 31 32 32 900 29 25 23 614 26 17 13 316 30 13 16 411 30 12 11 235 23 50 52 47 36 20 20 14 239 4283 31 20 10 16 12 8 2 3 140 2 2 2 4 3 3 2 4
Tark 575.6 Legion Ion 53 50 1010101011 NY6 2 2 62 23 1 4 71 24 3 1 56 16 0 1 20 20 1 2 55 22 1 0 14 14 0 1 15 15 4 5 4 1 3 1 1 19 293 24 2 3 1 0 0 0 0 8 1 1 1 0 1 0 0 1
Skitts 574.1 Tone ? 11 9 1011101001 EU1 0 0 0 0 1 0 8 8 2 0 32 20 1 1 25 14 0 2 26 14 1 1 30 15 1 0 16 16 0 1 2 2 2 2 1 10 137 20 0 0 1 1 0 0 0 2 0 0 1 1 0 0 0 1
Daire 570.1 Tone Ion 37 34 1010101 EU3 2 5 44 18 5 3 42 14 2 4 32 20 3 2 23 14 2 1 0 0 1 1 0 0 1 2 0 0 3 4 2 2 0 0 0 11 141 20 0 3 1 1 0 0 0 7 0 2 1 1 0 0 0 2
